2 0.098438 0.901563 0.053125 0.062500
2 0.082031 0.839063 0.064063 0.062500
2 0.164063 0.865625 0.071875 0.059375
2 0.130469 0.763281 0.070312 0.064063
2 0.175000 0.806250 0.065625 0.059375
2 0.089063 0.714844 0.056250 0.057813
2 0.179688 0.702344 0.053125 0.064063
2 0.227344 0.744531 0.048437 0.082812
2 0.232031 0.667969 0.060937 0.079687
2 0.098438 0.603125 0.059375 0.071875
2 0.146094 0.579688 0.048437 0.062500
2 0.173438 0.625781 0.043750 0.060937
2 0.267969 0.778906 0.054688 0.073438
2 0.181250 0.533594 0.059375 0.095313
2 0.272656 0.590625 0.085938 0.087500
2 0.342188 0.624219 0.050000 0.070312
2 0.185156 0.445312 0.045313 0.053125
2 0.235156 0.407813 0.045313 0.106250
2 0.288281 0.475000 0.048438 0.065625
2 0.259375 0.517188 0.053125 0.065625
2 0.374219 0.484375 0.054687 0.068750
2 0.340625 0.537500 0.043750 0.062500
2 0.387500 0.380469 0.053125 0.067188
2 0.462500 0.445312 0.062500 0.071875
2 0.284375 0.352344 0.046875 0.064063
2 0.307813 0.414062 0.050000 0.065625
2 0.357812 0.320312 0.056250 0.071875
2 0.357031 0.250781 0.057812 0.076563
2 0.435937 0.309375 0.084375 0.121875
2 0.384375 0.194531 0.056250 0.051563
2 0.451562 0.170313 0.046875 0.065625
2 0.428125 0.501563 0.050000 0.071875
2 0.389063 0.810156 0.043750 0.067187
2 0.427344 0.654687 0.054688 0.065625
2 0.486719 0.655469 0.057812 0.060937
2 0.494531 0.718750 0.054688 0.065625
2 0.441406 0.721094 0.051563 0.060937
2 0.392188 0.735156 0.050000 0.073437
2 0.242969 0.865625 0.042187 0.059375
2 0.286719 0.914062 0.051563 0.068750
2 0.463281 0.771094 0.045313 0.064063
2 0.782812 0.715625 0.053125 0.075000
2 0.830469 0.728906 0.051562 0.064063
2 0.772656 0.594531 0.042187 0.067187
2 0.818750 0.614063 0.043750 0.071875
2 0.710938 0.528906 0.043750 0.067188
2 0.827344 0.501563 0.057812 0.068750
2 0.760938 0.488281 0.046875 0.060937
2 0.659375 0.378906 0.053125 0.067187
2 0.732812 0.438281 0.046875 0.051563
2 0.591406 0.441406 0.051562 0.067187
2 0.606250 0.393750 0.053125 0.056250
2 0.638281 0.317188 0.054688 0.065625
2 0.702344 0.266406 0.045312 0.060938
2 0.696875 0.330469 0.065625 0.073438
2 0.882031 0.389844 0.054688 0.076563
2 0.796094 0.288281 0.064063 0.098437
2 0.675000 0.171094 0.043750 0.064062
2 0.728906 0.140625 0.048438 0.053125
2 0.785156 0.178125 0.054688 0.081250
2 0.843750 0.200000 0.037500 0.053125
2 0.907031 0.195313 0.054688 0.062500
2 0.881250 0.307031 0.075000 0.073438
2 0.780469 0.403125 0.076562 0.093750
