2 0.662500 0.100000 0.096875 0.134375
2 0.401563 0.643750 0.096875 0.115625
2 0.185938 0.289844 0.093750 0.110938
2 0.432031 0.423438 0.095312 0.128125
2 0.652344 0.498438 0.151563 0.125000
2 0.614063 0.775000 0.128125 0.140625
2 0.532813 0.196875 0.078125 0.115625
2 0.217188 0.154688 0.090625 0.106250
2 0.117969 0.664062 0.117188 0.175000
2 0.787500 0.065625 0.096875 0.093750
2 0.476562 0.574219 0.106250 0.095312
2 0.525000 0.428906 0.078125 0.145312
2 0.256250 0.765625 0.093750 0.100000
2 0.774219 0.709375 0.114063 0.109375
2 0.674219 0.370313 0.167188 0.118750
2 0.231250 0.442188 0.081250 0.131250
2 0.291406 0.558594 0.117188 0.110937
2 0.921094 0.551563 0.098438 0.112500
