6 0.194531 0.568750 0.226563 0.193750
6 0.301563 0.715625 0.140625 0.228125
6 0.418750 0.864062 0.109375 0.271875
6 0.250781 0.923438 0.248438 0.153125
6 0.577344 0.815625 0.176563 0.368750
6 0.740625 0.881250 0.156250 0.218750
6 0.907813 0.935937 0.184375 0.128125
6 0.910156 0.728906 0.135938 0.295312
6 0.767969 0.635156 0.201562 0.298438
6 0.910156 0.460156 0.179688 0.282813
6 0.607812 0.497656 0.153125 0.270312
6 0.460938 0.392969 0.153125 0.257812
6 0.286719 0.348438 0.226562 0.196875
6 0.051563 0.459375 0.090625 0.231250
6 0.098438 0.737500 0.196875 0.284375
6 0.124219 0.340625 0.129688 0.265625
6 0.122656 0.125000 0.089063 0.200000
6 0.560156 0.197656 0.145313 0.201563
6 0.820312 0.160156 0.125000 0.160938
6 0.783594 0.376563 0.164062 0.228125
6 0.939844 0.171094 0.120313 0.239062
6 0.284375 0.088281 0.156250 0.132812
6 0.364063 0.209375 0.218750 0.125000
