1 0.888281 0.937500 0.151563 0.115625
1 0.871875 0.710938 0.075000 0.206250
1 0.753906 0.794531 0.076563 0.273438
1 0.703906 0.868750 0.051562 0.231250
1 0.648438 0.880469 0.078125 0.229688
1 0.542969 0.856250 0.104687 0.253125
1 0.431250 0.847656 0.096875 0.204687
1 0.366406 0.765625 0.207813 0.093750
1 0.340625 0.612500 0.243750 0.153125
1 0.317188 0.686719 0.153125 0.151562
1 0.069531 0.617188 0.079688 0.290625
1 0.150781 0.578125 0.060938 0.190625
1 0.206250 0.504687 0.081250 0.109375
1 0.265625 0.473438 0.078125 0.068750
1 0.325000 0.436719 0.121875 0.101562
1 0.424219 0.420312 0.160937 0.184375
1 0.925781 0.355469 0.064062 0.264063
1 0.813281 0.391406 0.089062 0.276563
1 0.741406 0.355469 0.079688 0.254688
1 0.657813 0.373438 0.050000 0.181250
1 0.553125 0.314844 0.093750 0.214062
1 0.501563 0.202344 0.128125 0.198438
