0 0.498437 0.492969 0.303125 0.345313
0 0.225000 0.568750 0.209375 0.281250
0 0.364063 0.784375 0.237500 0.275000
0 0.588281 0.851562 0.170312 0.156250
0 0.834375 0.832031 0.256250 0.207812
0 0.708594 0.612500 0.201562 0.306250
0 0.915625 0.626563 0.168750 0.328125
0 0.103125 0.824219 0.206250 0.214063
0 0.058594 0.579688 0.101563 0.309375
0 0.100000 0.271094 0.200000 0.310937
0 0.314063 0.314063 0.196875 0.246875
0 0.379687 0.097656 0.231250 0.170313
0 0.571094 0.217969 0.214062 0.270313
0 0.837500 0.303906 0.206250 0.320313
0 0.771094 0.053906 0.223437 0.107813
0 0.167969 0.068750 0.192187 0.128125
