2 0.117188 0.685156 0.153125 0.185937
2 0.257031 0.879687 0.120312 0.190625
2 0.302344 0.689844 0.145313 0.195312
2 0.429688 0.707812 0.121875 0.181250
2 0.213281 0.503125 0.142188 0.196875
2 0.370313 0.492969 0.146875 0.207813
2 0.568750 0.467969 0.146875 0.239062
2 0.659375 0.691406 0.143750 0.189063
2 0.734375 0.836719 0.131250 0.239063
2 0.732812 0.519531 0.137500 0.220313
2 0.850000 0.512500 0.140625 0.193750
2 0.838281 0.682031 0.104688 0.157813
2 0.532813 0.285938 0.134375 0.212500
2 0.709375 0.274219 0.121875 0.189062
2 0.246875 0.365625 0.150000 0.168750
2 0.343750 0.318750 0.121875 0.184375
2 0.620313 0.109375 0.115625 0.200000
2 0.510938 0.102344 0.093750 0.107813
2 0.397656 0.199219 0.139062 0.132813
