2 0.148438 0.737500 0.090625 0.212500
2 0.117188 0.629687 0.106250 0.159375
2 0.252344 0.729688 0.114062 0.243750
2 0.362500 0.655469 0.109375 0.210938
2 0.475000 0.659375 0.115625 0.225000
2 0.067188 0.815625 0.112500 0.256250
2 0.224219 0.406250 0.126563 0.159375
2 0.315625 0.469531 0.103125 0.220313
2 0.403125 0.480469 0.109375 0.189062
2 0.575000 0.647656 0.106250 0.195312
2 0.553125 0.858594 0.134375 0.210938
2 0.411719 0.857813 0.170313 0.193750
2 0.662500 0.762500 0.131250 0.246875
2 0.715625 0.591406 0.125000 0.239063
2 0.840625 0.707031 0.112500 0.245312
2 0.862500 0.867969 0.137500 0.176562
2 0.788281 0.463281 0.114063 0.207813
2 0.914844 0.575781 0.085938 0.151562
2 0.945312 0.746875 0.109375 0.209375
2 0.935937 0.479688 0.112500 0.215625
2 0.509375 0.303125 0.106250 0.234375
2 0.408594 0.317188 0.129688 0.171875
2 0.472656 0.136719 0.104688 0.192188
2 0.428906 0.251563 0.101562 0.190625
2 0.606250 0.181250 0.143750 0.206250
2 0.583594 0.478906 0.135938 0.189062
2 0.704688 0.299219 0.125000 0.195312
2 0.809375 0.292188 0.128125 0.187500
