2 0.610938 0.178906 0.109375 0.148438
2 0.766406 0.220313 0.117188 0.153125
2 0.211719 0.437500 0.129688 0.128125
2 0.395313 0.494531 0.093750 0.142188
2 0.505469 0.449219 0.154687 0.139062
2 0.660156 0.319531 0.114062 0.132812
2 0.657813 0.676562 0.109375 0.156250
2 0.539844 0.711719 0.110938 0.151562
2 0.310156 0.527344 0.104687 0.157812
2 0.795313 0.475781 0.118750 0.145312
2 0.680469 0.514063 0.132812 0.137500
2 0.374219 0.664062 0.114063 0.146875
2 0.872656 0.396875 0.114062 0.118750
2 0.175000 0.529687 0.125000 0.137500
2 0.624219 0.821094 0.132812 0.154687
