2 0.320312 0.285938 0.168750 0.140625
2 0.396875 0.413281 0.121875 0.154687
2 0.527344 0.339844 0.157812 0.139062
2 0.666406 0.521875 0.145312 0.140625
2 0.510938 0.547656 0.178125 0.160938
2 0.647656 0.291406 0.120312 0.120313
2 0.739062 0.675781 0.128125 0.151563
2 0.587500 0.671875 0.143750 0.103125
2 0.622656 0.804688 0.157813 0.150000
2 0.471094 0.878125 0.142187 0.165625
2 0.429688 0.723437 0.171875 0.159375
2 0.353906 0.582031 0.160937 0.107813
2 0.269531 0.434375 0.095312 0.125000
2 0.313281 0.693750 0.107813 0.118750
2 0.355469 0.834375 0.098438 0.115625
