2 0.702344 0.832031 0.057813 0.060938
2 0.659375 0.817187 0.046875 0.059375
2 0.614844 0.802344 0.042187 0.067187
2 0.664063 0.745313 0.040625 0.059375
2 0.706250 0.774219 0.043750 0.073437
2 0.622656 0.644531 0.048438 0.070312
2 0.619531 0.739062 0.045313 0.059375
2 0.650781 0.683594 0.039062 0.057813
2 0.685937 0.626563 0.050000 0.090625
2 0.578906 0.635938 0.048438 0.075000
2 0.612500 0.580469 0.046875 0.060937
2 0.568750 0.565625 0.053125 0.056250
2 0.664062 0.546094 0.037500 0.060937
2 0.622656 0.463281 0.048438 0.067188
2 0.627344 0.519531 0.042188 0.039062
2 0.718750 0.505469 0.040625 0.051563
2 0.662500 0.463281 0.037500 0.073437
2 0.666406 0.378906 0.042188 0.076562
2 0.557031 0.375000 0.042188 0.068750
2 0.604688 0.367188 0.062500 0.093750
2 0.739062 0.324219 0.053125 0.064062
2 0.746875 0.246094 0.043750 0.057812
2 0.784375 0.310938 0.034375 0.115625
2 0.796094 0.231250 0.067188 0.087500
2 0.724219 0.217188 0.048438 0.050000
2 0.664844 0.303125 0.035938 0.059375
2 0.696875 0.335938 0.028125 0.062500
2 0.586719 0.269531 0.064063 0.064062
2 0.417187 0.338281 0.068750 0.114062
2 0.476562 0.326563 0.059375 0.131250
2 0.516406 0.291406 0.045312 0.114062
2 0.425000 0.246094 0.046875 0.057812
2 0.473438 0.222656 0.040625 0.064063
2 0.549219 0.208594 0.051562 0.076563
2 0.586719 0.175781 0.045312 0.067188
2 0.634375 0.224219 0.062500 0.082813
2 0.505469 0.177344 0.045312 0.085938
