2 0.262500 0.342969 0.187500 0.104687
2 0.439844 0.360938 0.114063 0.106250
2 0.541406 0.307031 0.135937 0.073438
2 0.734375 0.224219 0.228125 0.101562
2 0.653125 0.348438 0.090625 0.050000
2 0.557031 0.397656 0.132812 0.079687
2 0.678125 0.432031 0.131250 0.082813
2 0.817969 0.432813 0.114062 0.087500
2 0.753906 0.353125 0.114062 0.084375
2 0.275781 0.450000 0.157813 0.106250
2 0.434375 0.471094 0.125000 0.079688
2 0.584375 0.498437 0.134375 0.090625
2 0.439063 0.621094 0.128125 0.092188
2 0.325000 0.558594 0.134375 0.095312
2 0.282813 0.651563 0.143750 0.103125
2 0.563281 0.589844 0.129688 0.092188
2 0.387500 0.720313 0.146875 0.081250
2 0.244531 0.744531 0.170312 0.092187
2 0.230469 0.828906 0.129688 0.101562
2 0.356250 0.810156 0.140625 0.085938
2 0.392969 0.896875 0.148438 0.084375
2 0.272656 0.906250 0.139063 0.106250
2 0.135938 0.822656 0.093750 0.082812
