2 0.159375 0.635938 0.128125 0.159375
2 0.142969 0.482031 0.095313 0.126562
2 0.313281 0.566406 0.089062 0.135938
2 0.384375 0.641406 0.090625 0.170312
2 0.244531 0.707812 0.101562 0.178125
2 0.429688 0.776563 0.109375 0.203125
2 0.512500 0.726562 0.115625 0.196875
2 0.512500 0.582031 0.109375 0.148438
2 0.466406 0.403906 0.120313 0.126562
2 0.357031 0.314844 0.089062 0.139063
2 0.398438 0.471094 0.100000 0.132812
2 0.257031 0.353125 0.117188 0.090625
2 0.228125 0.459375 0.090625 0.106250
2 0.608594 0.642969 0.092187 0.154687
2 0.617188 0.783594 0.081250 0.120313
2 0.444531 0.240625 0.123437 0.134375
2 0.473437 0.153906 0.096875 0.110938
2 0.557031 0.201563 0.085938 0.115625
2 0.571094 0.292188 0.117188 0.153125
2 0.633594 0.433594 0.151562 0.135937
2 0.515625 0.472656 0.121875 0.129687
2 0.712500 0.564844 0.115625 0.167188
2 0.702344 0.714063 0.092188 0.137500
2 0.689844 0.838281 0.092187 0.117188
2 0.772656 0.737500 0.085938 0.153125
2 0.880469 0.719531 0.107812 0.154688
2 0.811719 0.601563 0.098438 0.150000
2 0.735938 0.453125 0.090625 0.128125
2 0.825781 0.455469 0.092187 0.132813
2 0.907031 0.575781 0.073437 0.110938
