2 0.326563 0.804688 0.075000 0.121875
2 0.399219 0.765625 0.067188 0.131250
2 0.310156 0.702344 0.085938 0.120312
2 0.380469 0.647656 0.070312 0.107812
2 0.446875 0.698438 0.071875 0.109375
2 0.457031 0.528125 0.095312 0.118750
2 0.360938 0.574219 0.087500 0.064062
2 0.303125 0.546094 0.071875 0.070312
2 0.238281 0.562500 0.079688 0.096875
2 0.321094 0.432812 0.073438 0.146875
2 0.254688 0.454688 0.075000 0.093750
2 0.213281 0.460938 0.076563 0.109375
2 0.403906 0.485937 0.060937 0.100000
2 0.445312 0.362500 0.075000 0.093750
2 0.334375 0.305469 0.065625 0.092188
2 0.262500 0.306250 0.071875 0.109375
2 0.210938 0.322656 0.065625 0.110937
2 0.353125 0.224219 0.071875 0.107813
2 0.410938 0.226563 0.056250 0.118750
2 0.505469 0.180469 0.064062 0.079688
2 0.625000 0.186719 0.078125 0.085938
2 0.631250 0.273438 0.075000 0.100000
2 0.542188 0.253906 0.071875 0.114063
2 0.485938 0.269531 0.056250 0.085938
2 0.578906 0.353906 0.076562 0.104687
2 0.684375 0.334375 0.087500 0.106250
2 0.522656 0.423438 0.085938 0.100000
2 0.571094 0.461719 0.060937 0.104687
2 0.632812 0.497656 0.071875 0.092187
2 0.692969 0.461719 0.082812 0.085938
2 0.729688 0.553906 0.056250 0.089063
2 0.666406 0.588281 0.082812 0.117188
2 0.561719 0.569531 0.079688 0.104687
2 0.614844 0.675000 0.073438 0.109375
2 0.550000 0.697656 0.100000 0.132812
