2 0.1250000000000001 0.8703125 0.0718750000000001 0.8703125 0.0718750000000001 0.9328125 0.12500000000000014 0.9328125
2 0.1140625000000001 0.8078125 0.050000000000000086 0.8078125 0.0500000000000001 0.8703125 0.1140625000000001 0.8703125
2 0.2000000000000001 0.8359375 0.1281250000000001 0.8359375 0.1281250000000001 0.8953125 0.2000000000000001 0.8953125
2 0.16562500000000008 0.73125 0.09531250000000009 0.73125 0.09531250000000009 0.7953125 0.16562500000000008 0.7953125
2 0.2078125000000001 0.7765625 0.14218750000000008 0.7765625 0.14218750000000008 0.8359375 0.2078125000000001 0.8359375
2 0.11718750000000008 0.6859375 0.06093750000000009 0.6859375 0.06093750000000009 0.74375 0.11718750000000008 0.74375
2 0.2062500000000001 0.6703125 0.1531250000000001 0.6703125 0.1531250000000001 0.734375 0.2062500000000001 0.734375
2 0.2515625000000001 0.703125 0.20312500000000008 0.703125 0.20312500000000008 0.7859375 0.2515625000000001 0.7859375
2 0.26250000000000007 0.628125 0.2015625000000001 0.628125 0.2015625000000001 0.7078125 0.26250000000000007 0.7078125
2 0.1281250000000001 0.5671875 0.06875000000000006 0.5671875 0.06875000000000007 0.6390625 0.1281250000000001 0.6390625
2 0.1703125000000001 0.5484375 0.1218750000000001 0.5484375 0.1218750000000001 0.6109375 0.1703125000000001 0.6109375
2 0.19531250000000008 0.5953125 0.1515625000000001 0.5953125 0.1515625000000001 0.65625 0.19531250000000008 0.65625
2 0.2953125000000001 0.7421875 0.2406250000000001 0.7421875 0.2406250000000001 0.815625 0.2953125000000001 0.815625
2 0.21093750000000008 0.4859375 0.15156250000000004 0.4859375 0.15156250000000007 0.58125 0.21093750000000008 0.58125
2 0.3156250000000001 0.546875 0.2296875000000001 0.546875 0.2296875000000001 0.634375 0.3156250000000001 0.634375
2 0.3671875000000001 0.5890625 0.31718750000000007 0.5890625 0.31718750000000007 0.659375 0.3671875000000001 0.659375
2 0.2078125000000001 0.41875 0.16250000000000003 0.41875 0.16250000000000003 0.471875 0.2078125000000001 0.471875
2 0.25781250000000006 0.3546875 0.2125 0.3546875 0.21250000000000005 0.4609375 0.2578125000000001 0.4609375
2 0.3125000000000001 0.4421875 0.2640625000000001 0.4421875 0.2640625000000001 0.5078125 0.3125000000000001 0.5078125
2 0.28593750000000007 0.484375 0.2328125000000001 0.484375 0.2328125000000001 0.55 0.28593750000000007 0.55
2 0.4015625 0.45 0.3468750000000001 0.45 0.3468750000000001 0.51875 0.4015625 0.51875
2 0.3625000000000001 0.50625 0.3187500000000001 0.50625 0.3187500000000001 0.56875 0.3625000000000001 0.56875
2 0.4140625 0.34687500000000004 0.3609375 0.346875 0.3609375 0.4140625 0.4140625 0.4140625
2 0.49375 0.409375 0.43125 0.409375 0.43125 0.48125 0.49375 0.48125
2 0.30781250000000004 0.3203125 0.2609375 0.3203125 0.26093750000000004 0.384375 0.3078125000000001 0.384375
2 0.33281250000000007 0.38125 0.2828125000000001 0.38125 0.2828125000000001 0.446875 0.33281250000000007 0.446875
2 0.3859375 0.28437500000000004 0.3296875 0.284375 0.3296875 0.35625000000000007 0.3859375 0.35625000000000007
2 0.3859375 0.21250000000000005 0.328125 0.2125 0.328125 0.28906250000000006 0.3859375 0.2890625000000001
2 0.478125 0.2484375000000001 0.39375 0.2484375000000001 0.39375000000000004 0.3703125000000001 0.478125 0.3703125000000001
2 0.4125 0.16875000000000004 0.35625 0.16875000000000004 0.35625 0.22031250000000005 0.4125 0.22031250000000008
2 0.475 0.13750000000000004 0.428125 0.13750000000000004 0.428125 0.20312500000000008 0.475 0.20312500000000008
2 0.453125 0.465625 0.403125 0.465625 0.403125 0.5375 0.453125 0.5375
2 0.4109375000000002 0.7765625 0.3671875000000001 0.7765625 0.3671875000000001 0.84375 0.4109375000000002 0.84375
2 0.4546875 0.621875 0.4 0.621875 0.4 0.6875 0.4546875 0.6875
2 0.515625 0.625 0.4578125 0.625 0.4578125 0.6859375 0.515625 0.6859375
2 0.5218750000000001 0.6859375 0.4671875 0.6859375 0.4671875000000001 0.7515625 0.5218750000000002 0.7515625
2 0.4671875000000001 0.690625 0.415625 0.690625 0.4156250000000001 0.7515625 0.4671875000000002 0.7515625
2 0.4171875000000001 0.6984375 0.3671875000000001 0.6984375 0.3671875000000001 0.771875 0.41718750000000016 0.771875
2 0.2640625000000001 0.8359375 0.2218750000000001 0.8359375 0.2218750000000001 0.8953125 0.2640625000000001 0.8953125
2 0.3125000000000001 0.8796875 0.2609375000000001 0.8796875 0.2609375000000001 0.9484375 0.3125000000000001 0.9484375
2 0.4859375000000002 0.7390625 0.44062500000000016 0.7390625 0.44062500000000016 0.803125 0.4859375000000002 0.803125
2 0.809375 0.6781250000000002 0.75625 0.6781250000000002 0.7562500000000001 0.7531250000000002 0.809375 0.7531250000000002
2 0.85625 0.6968750000000001 0.8046875 0.6968750000000001 0.8046875 0.7609375000000002 0.85625 0.7609375000000002
2 0.79375 0.5609375000000002 0.7515625 0.5609375000000002 0.7515625 0.6281250000000002 0.79375 0.6281250000000002
2 0.840625 0.5781250000000002 0.796875 0.5781250000000002 0.796875 0.6500000000000001 0.840625 0.6500000000000001
2 0.7328125 0.4953125000000001 0.6890625 0.4953125 0.6890625 0.5625000000000001 0.7328125 0.5625000000000002
2 0.85625 0.4671875000000002 0.7984375 0.4671875000000002 0.7984375 0.5359375000000002 0.85625 0.5359375000000002
2 0.784375 0.4578125000000002 0.7375 0.4578125000000002 0.7375 0.5187500000000002 0.784375 0.5187500000000002
2 0.6859375 0.3453125000000001 0.6328125 0.3453125000000001 0.6328125 0.4125 0.6859375 0.4125
2 0.75625 0.4125000000000001 0.709375 0.4125 0.709375 0.4640625000000001 0.75625 0.46406250000000016
2 0.6171875 0.4078125 0.565625 0.4078125 0.565625 0.475 0.6171875 0.475
2 0.6328125 0.3656250000000001 0.5796875 0.3656250000000001 0.5796875 0.421875 0.6328125 0.421875
2 0.665625 0.2843750000000001 0.6109375 0.2843750000000001 0.6109375 0.3500000000000001 0.665625 0.3500000000000001
2 0.725 0.23593750000000008 0.6796875 0.23593750000000008 0.6796875 0.2968750000000001 0.725 0.2968750000000001
2 0.7296875 0.29375000000000007 0.6640625 0.29375000000000007 0.6640625 0.3671875000000001 0.7296875 0.3671875000000001
2 0.909375 0.3515625000000001 0.8546875 0.3515625000000001 0.8546875 0.4281250000000002 0.909375 0.4281250000000002
2 0.828125 0.2390625000000001 0.7640625 0.2390625000000001 0.7640625 0.3375000000000001 0.828125 0.3375000000000001
2 0.696875 0.1390625000000001 0.653125 0.1390625000000001 0.653125 0.20312500000000008 0.696875 0.20312500000000008
2 0.753125 0.1140625000000001 0.7046875 0.1140625000000001 0.7046875 0.1671875000000001 0.753125 0.1671875000000001
2 0.8125 0.1375000000000001 0.7578125 0.1375000000000001 0.7578125 0.21875000000000008 0.8125 0.21875000000000008
2 0.8625 0.17343750000000008 0.825 0.17343750000000008 0.825 0.22656250000000008 0.8625 0.22656250000000008
2 0.934375 0.1640625000000001 0.8796875 0.16406250000000008 0.8796875 0.22656250000000008 0.934375 0.22656250000000008
2 0.91875 0.27031250000000007 0.84375 0.27031250000000007 0.84375 0.3437500000000001 0.91875 0.3437500000000001
2 0.81875 0.35625000000000007 0.7421875 0.35625000000000007 0.7421875 0.4500000000000002 0.81875 0.4500000000000002