2 0.7109375 0.032812500000000085 0.6140625 0.03281250000000008 0.6140625 0.1671875000000001 0.7109375 0.1671875000000001
2 0.45 0.5859375 0.3531250000000001 0.5859375 0.3531250000000001 0.7015625 0.45 0.7015625
2 0.2328125 0.234375 0.13906250000000003 0.234375 0.13906250000000003 0.3453125 0.2328125 0.3453125
2 0.4796875 0.3593750000000001 0.384375 0.3593750000000001 0.384375 0.4875 0.4796875 0.4875
2 0.728125 0.4359375000000001 0.5765625 0.4359375 0.5765625 0.5609375000000001 0.728125 0.5609375000000002
2 0.6781250000000001 0.7046875 0.55 0.7046875 0.55 0.8453125 0.6781250000000002 0.8453125
2 0.571875 0.13906250000000006 0.49375 0.13906250000000003 0.49375 0.25468750000000007 0.571875 0.25468750000000007
2 0.2625 0.10156250000000003 0.171875 0.1015625 0.17187500000000003 0.2078125 0.2625 0.2078125
2 0.1765625000000001 0.5765625 0.05937500000000007 0.5765625 0.05937500000000008 0.7515625 0.1765625000000001 0.7515625
2 0.8359375 0.018750000000000093 0.7390625 0.01875000000000009 0.7390625 0.11250000000000009 0.8359375 0.11250000000000009
2 0.5296875 0.5265625 0.4234375 0.5265625 0.4234375 0.621875 0.5296875 0.621875
2 0.5640625 0.35625000000000007 0.4859375 0.35625000000000007 0.4859375 0.5015625 0.5640625 0.5015625
2 0.3031250000000001 0.715625 0.2093750000000001 0.715625 0.2093750000000001 0.815625 0.3031250000000001 0.815625
2 0.83125 0.6546875000000001 0.7171875 0.6546875 0.7171875000000001 0.7640625000000001 0.83125 0.7640625000000002
2 0.7578125 0.3109375000000001 0.590625 0.3109375000000001 0.590625 0.4296875000000001 0.7578125 0.42968750000000017
2 0.2718750000000001 0.3765625 0.19062500000000004 0.3765625 0.19062500000000004 0.5078125 0.2718750000000001 0.5078125
2 0.3500000000000001 0.503125 0.2328125000000001 0.503125 0.2328125000000001 0.6140625 0.3500000000000001 0.6140625
2 0.9703125 0.49531250000000016 0.871875 0.49531250000000016 0.871875 0.6078125000000002 0.9703125 0.6078125000000002