6 0.3078125000000001 0.471875 0.08125000000000007 0.471875 0.08125000000000007 0.665625 0.3078125000000001 0.665625
6 0.37187500000000007 0.6015625 0.2312500000000001 0.6015625 0.2312500000000001 0.8296875 0.37187500000000007 0.8296875
6 0.4734375000000002 0.728125 0.36406250000000007 0.728125 0.36406250000000007 1 0.4734375000000002 1
6 0.3750000000000001 0.846875 0.12656250000000008 0.846875 0.1265625000000001 1 0.3750000000000001 1
6 0.6656250000000001 0.63125 0.4890625 0.63125 0.48906250000000007 1 0.6656250000000001 1
6 0.81875 0.7718750000000001 0.6625000000000002 0.771875 0.6625000000000002 0.990625 0.81875 0.990625
6 1 0.871875 0.815625 0.871875 0.815625 1 1 1
6 0.978125 0.5812500000000002 0.8421875 0.5812500000000002 0.8421875 0.8765625 0.978125 0.8765625
6 0.86875 0.4859375000000001 0.6671875 0.4859375 0.6671875 0.784375 0.86875 0.7843750000000002
6 1 0.3187500000000001 0.8203125 0.3187500000000001 0.8203125 0.6015625000000002 1 0.6015625000000002
6 0.684375 0.3625000000000001 0.53125 0.3625000000000001 0.53125 0.6328125 0.684375 0.6328125
6 0.5375 0.2640625000000001 0.384375 0.2640625000000001 0.384375 0.521875 0.5375 0.521875
6 0.4 0.25000000000000006 0.17343750000000005 0.25 0.17343750000000005 0.446875 0.4 0.446875
6 0.09687500000000006 0.34375 0.006250000000000042 0.34375 0.006250000000000056 0.575 0.09687500000000007 0.575
6 0.19687500000000008 0.5953125 7.290475476174086e-17 0.5953125 9.031770143711729e-17 0.8796875 0.19687500000000008 0.8796875
6 0.18906250000000005 0.2078125 0.059375000000000025 0.2078125 0.059375000000000046 0.4734375 0.18906250000000005 0.4734375
6 0.16718750000000002 0.025000000000000015 0.078125 0.025000000000000012 0.07812500000000001 0.225 0.16718750000000004 0.225
6 0.6328125 0.09687500000000007 0.4875 0.09687500000000007 0.4875 0.2984375000000001 0.6328125 0.2984375000000001
6 0.8828125 0.0796875000000001 0.7578125 0.07968750000000009 0.7578125 0.2406250000000001 0.8828125 0.2406250000000001
6 0.865625 0.26250000000000007 0.7015625 0.26250000000000007 0.7015625 0.4906250000000001 0.865625 0.4906250000000002
6 1 0.05156250000000012 0.8796875 0.05156250000000011 0.8796875 0.2906250000000001 1 0.2906250000000001
6 0.3625 0.021875000000000037 0.20625 0.021875000000000026 0.20625 0.15468750000000003 0.3625 0.15468750000000003
6 0.4734375 0.14687500000000003 0.2546875 0.14687500000000003 0.2546875 0.27187500000000003 0.4734375 0.2718750000000001