1 0.9640625 0.8796875 0.8125 0.8796875 0.8125 0.9953125 0.9640625 0.9953125
1 0.909375 0.6078125000000002 0.834375 0.6078125000000002 0.834375 0.8140625 0.909375 0.8140625
1 0.7921875 0.6578125000000001 0.715625 0.6578125 0.7156250000000001 0.93125 0.7921875000000002 0.93125
1 0.7296875000000002 0.753125 0.6781250000000002 0.753125 0.6781250000000002 0.984375 0.7296875000000002 0.984375
1 0.6875000000000002 0.765625 0.6093750000000002 0.765625 0.6093750000000002 0.9953125 0.6875000000000002 0.9953125
1 0.5953125000000001 0.7296875 0.4906250000000002 0.7296875 0.4906250000000002 0.9828125 0.5953125000000001 0.9828125
1 0.47968750000000016 0.7453125 0.3828125000000001 0.7453125 0.3828125000000001 0.95 0.47968750000000016 0.95
1 0.4703125000000001 0.71875 0.26250000000000007 0.71875 0.26250000000000007 0.8125 0.4703125000000002 0.8125
1 0.4625 0.5359375 0.21875000000000008 0.5359375 0.21875000000000008 0.6890625 0.4625 0.6890625
1 0.3937500000000001 0.6109375 0.2406250000000001 0.6109375 0.2406250000000001 0.7625 0.3937500000000001 0.7625
1 0.10937500000000007 0.471875 0.029687500000000054 0.471875 0.02968750000000007 0.7625 0.10937500000000008 0.7625
1 0.18125000000000008 0.4828125 0.12031250000000004 0.4828125 0.12031250000000007 0.6734375 0.18125000000000008 0.6734375
1 0.2468750000000001 0.45 0.16562500000000005 0.45 0.16562500000000008 0.559375 0.2468750000000001 0.559375
1 0.3046875000000001 0.4390625 0.22656250000000008 0.4390625 0.22656250000000008 0.5078125 0.3046875000000001 0.5078125
1 0.3859375000000001 0.38593750000000004 0.2640625000000001 0.3859375 0.2640625000000001 0.4875 0.3859375000000001 0.4875
1 0.5046875 0.32812500000000006 0.34375 0.328125 0.34375000000000006 0.5125 0.5046875 0.5125
1 0.9578125 0.2234375000000001 0.89375 0.2234375000000001 0.89375 0.48750000000000016 0.9578125 0.48750000000000016
1 0.8578125 0.2531250000000001 0.76875 0.2531250000000001 0.76875 0.5296875000000002 0.8578125 0.5296875000000002
1 0.78125 0.22812500000000008 0.7015625 0.22812500000000008 0.7015625 0.4828125000000001 0.78125 0.4828125000000002
1 0.6828125 0.2828125000000001 0.6328125 0.2828125000000001 0.6328125 0.4640625 0.6828125 0.4640625
1 0.6 0.2078125000000001 0.50625 0.2078125000000001 0.50625 0.421875 0.6 0.421875
1 0.565625 0.10312500000000006 0.4375 0.10312500000000005 0.4375 0.30156250000000007 0.565625 0.30156250000000007