0 0.65 0.32031250000000006 0.346875 0.3203125 0.34687500000000004 0.665625 0.65 0.665625
0 0.3296875000000001 0.428125 0.12031250000000004 0.428125 0.12031250000000007 0.709375 0.3296875000000001 0.709375
0 0.4828125000000001 0.646875 0.2453125000000001 0.646875 0.2453125000000001 0.921875 0.4828125000000002 0.921875
0 0.6734375000000001 0.7734375 0.5031250000000002 0.7734375 0.5031250000000002 0.9296875 0.6734375000000001 0.9296875
0 0.9625 0.7281250000000001 0.7062500000000002 0.728125 0.7062500000000002 0.9359375 0.9625 0.9359375
0 0.809375 0.4593750000000001 0.6078125 0.459375 0.6078125000000001 0.7656250000000001 0.809375 0.7656250000000002
0 1 0.4625000000000002 0.83125 0.4625000000000002 0.83125 0.7906250000000001 1 0.7906250000000001
0 0.2062500000000001 0.7171875 8.783013762634924e-17 0.7171875 1.0093768539847325e-16 0.93125 0.2062500000000001 0.93125
0 0.10937500000000007 0.425 0.007812500000000052 0.425 0.007812500000000071 0.734375 0.10937500000000008 0.734375
0 0.20000000000000004 0.11562500000000002 1.4159978615141272e-17 0.115625 3.319940932063528e-17 0.4265625 0.2000000000000001 0.4265625
0 0.4125 0.19062500000000004 0.215625 0.19062500000000004 0.21562500000000004 0.4375 0.4125 0.4375
0 0.4953125 0.012500000000000048 0.2640625 0.012500000000000034 0.2640625 0.18281250000000004 0.4953125 0.18281250000000004
0 0.678125 0.08281250000000008 0.4640625 0.08281250000000007 0.4640625 0.3531250000000001 0.678125 0.3531250000000001
0 0.940625 0.1437500000000001 0.734375 0.1437500000000001 0.734375 0.46406250000000016 0.940625 0.46406250000000016
0 0.8828125 9.443174927800294e-17 0.659375 8.075014831877861e-17 0.659375 0.10781250000000009 0.8828125 0.10781250000000009
0 0.2640625 0.00468750000000002 0.071875 0.0046875000000000085 0.07187500000000001 0.13281250000000003 0.2640625 0.13281250000000006