2 0.1937500000000001 0.5921875 0.04062500000000008 0.5921875 0.04062500000000009 0.778125 0.1937500000000001 0.778125
2 0.31718750000000007 0.784375 0.19687500000000008 0.784375 0.1968750000000001 0.975 0.31718750000000007 0.975
2 0.3750000000000001 0.5921875 0.2296875000000001 0.5921875 0.2296875000000001 0.7875 0.3750000000000001 0.7875
2 0.4906250000000001 0.6171875 0.3687500000000001 0.6171875 0.3687500000000001 0.7984375 0.4906250000000002 0.7984375
2 0.2843750000000001 0.4046875 0.14218750000000005 0.4046875 0.14218750000000008 0.6015625 0.2843750000000001 0.6015625
2 0.44375 0.38906250000000003 0.2968750000000001 0.3890625 0.2968750000000001 0.596875 0.44375 0.596875
2 0.6421875 0.34843750000000007 0.4953125 0.34843750000000007 0.4953125 0.5875 0.6421875 0.5875
2 0.7312500000000001 0.596875 0.5875 0.596875 0.5875000000000001 0.7859375000000001 0.7312500000000002 0.7859375000000002
2 0.8 0.7171875000000001 0.66875 0.7171875 0.6687500000000001 0.95625 0.8 0.95625
2 0.8015625 0.4093750000000001 0.6640625 0.409375 0.6640625 0.6296875000000001 0.8015625 0.6296875000000002
2 0.9203125 0.4156250000000002 0.7796875 0.4156250000000002 0.7796875 0.6093750000000002 0.9203125 0.6093750000000002
2 0.890625 0.6031250000000001 0.7859375 0.6031250000000001 0.7859375000000001 0.7609375000000002 0.890625 0.7609375000000002
2 0.6 0.17968750000000006 0.465625 0.17968750000000006 0.465625 0.3921875000000001 0.6 0.3921875000000001
2 0.7703125 0.17968750000000008 0.6484375 0.17968750000000008 0.6484375 0.3687500000000001 0.7703125 0.3687500000000001
2 0.321875 0.28125 0.17187500000000006 0.28125 0.17187500000000006 0.45 0.3218750000000001 0.45
2 0.4046875 0.22656250000000006 0.2828125 0.2265625 0.2828125 0.4109375 0.4046875 0.4109375
2 0.678125 0.009375000000000076 0.5625 0.009375000000000069 0.5625 0.2093750000000001 0.678125 0.2093750000000001
2 0.5578125 0.048437500000000064 0.4640625 0.04843750000000006 0.4640625 0.15625000000000006 0.5578125 0.15625000000000008
2 0.4671875 0.13281250000000006 0.328125 0.13281250000000006 0.328125 0.26562500000000006 0.4671875 0.2656250000000001