2 0.1937500000000001 0.63125 0.10312500000000009 0.63125 0.10312500000000009 0.84375 0.1937500000000001 0.84375
2 0.1703125000000001 0.55 0.06406250000000006 0.55 0.06406250000000008 0.709375 0.1703125000000001 0.709375
2 0.30937500000000007 0.6078125 0.19531250000000008 0.6078125 0.19531250000000008 0.8515625 0.30937500000000007 0.8515625
2 0.4171875000000001 0.55 0.3078125000000001 0.55 0.3078125000000001 0.7609375 0.41718750000000016 0.7609375
2 0.5328125000000001 0.546875 0.4171875 0.546875 0.4171875000000001 0.771875 0.5328125000000001 0.771875
2 0.12343750000000012 0.6875 0.010937500000000083 0.6875 0.0109375000000001 0.94375 0.12343750000000013 0.94375
2 0.28750000000000003 0.3265625 0.16093750000000004 0.3265625 0.16093750000000004 0.4859375 0.2875000000000001 0.4859375
2 0.36718750000000006 0.35937500000000006 0.2640625 0.359375 0.26406250000000003 0.5796875 0.3671875000000001 0.5796875
2 0.4578125 0.38593750000000004 0.34843750000000007 0.3859375 0.34843750000000007 0.575 0.4578125 0.575
2 0.628125 0.55 0.521875 0.55 0.5218750000000001 0.7453125 0.6281250000000002 0.7453125
2 0.6203125000000002 0.753125 0.4859375000000002 0.753125 0.4859375000000002 0.9640625 0.6203125000000002 0.9640625
2 0.4968750000000002 0.7609375 0.3265625000000001 0.7609375 0.3265625000000001 0.9546875 0.4968750000000002 0.9546875
2 0.7281250000000001 0.6390625000000001 0.596875 0.6390625 0.596875 0.8859375 0.7281250000000001 0.8859375
2 0.778125 0.4718750000000001 0.653125 0.471875 0.653125 0.7109375000000001 0.778125 0.7109375000000002
2 0.896875 0.5843750000000002 0.784375 0.5843750000000002 0.784375 0.8296875 0.896875 0.8296875
2 0.93125 0.7796875000000002 0.7937500000000002 0.7796875000000002 0.7937500000000002 0.95625 0.93125 0.95625
2 0.8453125 0.3593750000000001 0.73125 0.3593750000000001 0.73125 0.5671875000000002 0.8453125 0.5671875000000002
2 0.9578125 0.5000000000000002 0.871875 0.5000000000000002 0.871875 0.6515625000000002 0.9578125 0.6515625000000002
2 1 0.6421875000000001 0.890625 0.6421875000000001 0.890625 0.8515625 1 0.8515625
2 0.9921875 0.37187500000000007 0.8796875 0.37187500000000007 0.8796875 0.5875000000000001 0.9921875 0.5875000000000001
2 0.5625 0.18593750000000006 0.45625 0.18593750000000003 0.45625 0.4203125 0.5625 0.4203125
2 0.4734375 0.23125000000000004 0.34375 0.23125 0.34375000000000006 0.403125 0.4734375 0.403125
2 0.525 0.040625000000000064 0.4203125 0.04062500000000006 0.4203125 0.2328125000000001 0.525 0.2328125000000001
2 0.4796875 0.15625000000000006 0.378125 0.15625000000000006 0.378125 0.3468750000000001 0.4796875 0.3468750000000001
2 0.678125 0.07812500000000008 0.534375 0.07812500000000007 0.534375 0.2843750000000001 0.678125 0.2843750000000001
2 0.6515625 0.3843750000000001 0.515625 0.3843750000000001 0.515625 0.5734375 0.6515625 0.5734375
2 0.7671875 0.2015625000000001 0.6421875 0.2015625000000001 0.6421875 0.3968750000000001 0.7671875 0.3968750000000001
2 0.8734375 0.1984375000000001 0.7453125 0.1984375000000001 0.7453125 0.3859375000000001 0.8734375 0.3859375000000001