2 0.665625 0.10468750000000009 0.55625 0.10468750000000009 0.55625 0.2531250000000001 0.665625 0.2531250000000001
2 0.825 0.1437500000000001 0.7078125 0.1437500000000001 0.7078125 0.2968750000000001 0.825 0.2968750000000001
2 0.2765625000000001 0.3734375 0.14687500000000003 0.3734375 0.14687500000000003 0.5015625 0.2765625000000001 0.5015625
2 0.4421875 0.4234375 0.34843750000000007 0.4234375 0.34843750000000007 0.565625 0.4421875 0.565625
2 0.5828125 0.37968750000000007 0.428125 0.37968750000000007 0.428125 0.51875 0.5828125 0.51875
2 0.7171875 0.2531250000000001 0.603125 0.2531250000000001 0.603125 0.3859375000000001 0.7171875 0.3859375000000001
2 0.7125000000000001 0.5984375 0.603125 0.5984375 0.6031250000000001 0.7546875 0.7125000000000001 0.7546875
2 0.5953125000000001 0.6359375 0.484375 0.6359375 0.4843750000000001 0.7875 0.5953125000000001 0.7875
2 0.3625000000000001 0.4484375 0.2578125000000001 0.4484375 0.2578125000000001 0.60625 0.3625000000000001 0.60625
2 0.8546875 0.4031250000000002 0.7359375 0.4031250000000002 0.7359375 0.5484375000000001 0.8546875 0.5484375000000001
2 0.746875 0.4453125000000001 0.6140625 0.4453125 0.6140625 0.5828125000000001 0.746875 0.5828125000000002
2 0.4312500000000001 0.590625 0.31718750000000007 0.590625 0.31718750000000007 0.7375 0.4312500000000002 0.7375
2 0.9296875 0.3375000000000001 0.815625 0.3375000000000001 0.815625 0.45625000000000016 0.9296875 0.45625000000000016
2 0.2375000000000001 0.4609375 0.11250000000000004 0.4609375 0.11250000000000007 0.5984375 0.2375000000000001 0.5984375
2 0.6906250000000002 0.74375 0.5578125000000002 0.74375 0.5578125000000002 0.8984375 0.6906250000000002 0.8984375