2 0.4046875 0.21562500000000004 0.2359375 0.215625 0.2359375 0.35625000000000007 0.4046875 0.35625000000000007
2 0.4578125 0.33593750000000006 0.3359375 0.3359375 0.33593750000000006 0.490625 0.4578125 0.490625
2 0.60625 0.27031250000000007 0.4484375 0.27031250000000007 0.4484375 0.409375 0.60625 0.409375
2 0.7390625 0.4515625000000001 0.59375 0.4515625 0.59375 0.5921875000000001 0.7390625 0.5921875000000002
2 0.6 0.4671875 0.421875 0.4671875 0.421875 0.628125 0.6 0.628125
2 0.7078125 0.2312500000000001 0.5875 0.2312500000000001 0.5875 0.3515625000000001 0.7078125 0.3515625000000001
2 0.803125 0.6000000000000001 0.675 0.6 0.675 0.7515625000000001 0.803125 0.7515625000000001
2 0.659375 0.6203125 0.515625 0.6203125 0.515625 0.7234375 0.659375 0.7234375
2 0.7015625000000002 0.7296875 0.5437500000000002 0.7296875 0.5437500000000002 0.8796875 0.7015625000000002 0.8796875
2 0.5421875000000002 0.7953125 0.4000000000000002 0.7953125 0.4000000000000002 0.9609375 0.5421875000000002 0.9609375
2 0.5156250000000001 0.64375 0.3437500000000001 0.64375 0.3437500000000001 0.803125 0.5156250000000002 0.803125
2 0.434375 0.528125 0.2734375000000001 0.528125 0.2734375000000001 0.6359375 0.434375 0.6359375
2 0.31718750000000007 0.371875 0.2218750000000001 0.371875 0.2218750000000001 0.496875 0.31718750000000007 0.496875
2 0.3671875000000001 0.634375 0.2593750000000001 0.634375 0.2593750000000001 0.753125 0.3671875000000001 0.753125
2 0.4046875000000002 0.7765625 0.3062500000000001 0.7765625 0.3062500000000001 0.8921875 0.4046875000000002 0.8921875