2 0.7312500000000002 0.8015625 0.6734375000000001 0.8015625 0.6734375000000001 0.8625 0.7312500000000002 0.8625
2 0.6828125000000002 0.7875 0.6359375000000002 0.7875 0.6359375000000002 0.846875 0.6828125000000002 0.846875
2 0.6359375000000002 0.76875 0.5937500000000002 0.76875 0.5937500000000002 0.8359375 0.6359375000000002 0.8359375
2 0.6843750000000001 0.715625 0.64375 0.715625 0.64375 0.775 0.6843750000000002 0.775
2 0.7281250000000001 0.7375 0.6843750000000002 0.7375 0.6843750000000002 0.8109375 0.7281250000000001 0.8109375
2 0.646875 0.609375 0.5984375 0.609375 0.5984375 0.6796875 0.646875 0.6796875
2 0.6421875000000001 0.709375 0.596875 0.709375 0.596875 0.76875 0.6421875000000001 0.76875
2 0.6703125 0.6546875 0.63125 0.6546875 0.63125 0.7125 0.6703125 0.7125
2 0.7109375 0.58125 0.6609375 0.58125 0.6609375 0.671875 0.7109375 0.671875
2 0.603125 0.5984375 0.5546875 0.5984375 0.5546875 0.6734375 0.603125 0.6734375
2 0.6359375 0.55 0.5890625 0.55 0.5890625 0.6109375 0.6359375 0.6109375
2 0.5953125 0.5375 0.5421875 0.5375 0.5421875 0.59375 0.5953125 0.59375
2 0.6828125 0.515625 0.6453125 0.515625 0.6453125 0.5765625 0.6828125 0.5765625
2 0.646875 0.4296875 0.5984375 0.4296875 0.5984375 0.496875 0.646875 0.496875
2 0.6484375 0.5 0.60625 0.5 0.60625 0.5390625 0.6484375 0.5390625
2 0.7390625 0.4796875000000001 0.6984375 0.4796875 0.6984375 0.5312500000000001 0.7390625 0.5312500000000002
2 0.68125 0.4265625 0.64375 0.4265625 0.64375 0.5 0.68125 0.5
2 0.6875 0.34062500000000007 0.6453125 0.34062500000000007 0.6453125 0.4171875 0.6875 0.4171875
2 0.578125 0.34062500000000007 0.5359375 0.34062500000000007 0.5359375 0.409375 0.578125 0.409375
2 0.6359375 0.3203125000000001 0.5734375 0.3203125000000001 0.5734375 0.4140625 0.6359375 0.4140625
2 0.765625 0.2921875000000001 0.7125 0.2921875000000001 0.7125 0.35625000000000007 0.765625 0.35625000000000007
2 0.76875 0.2171875000000001 0.725 0.2171875000000001 0.725 0.2750000000000001 0.76875 0.2750000000000001
2 0.8015625 0.2531250000000001 0.7671875 0.2531250000000001 0.7671875 0.3687500000000001 0.8015625 0.3687500000000001
2 0.8296875 0.18750000000000008 0.7625 0.18750000000000008 0.7625 0.2750000000000001 0.8296875 0.2750000000000001
2 0.7484375 0.1921875000000001 0.7 0.1921875000000001 0.7 0.24218750000000008 0.7484375 0.24218750000000008
2 0.6828125 0.2734375000000001 0.646875 0.2734375000000001 0.646875 0.33281250000000007 0.6828125 0.33281250000000007
2 0.7109375 0.3046875000000001 0.6828125 0.3046875000000001 0.6828125 0.3671875000000001 0.7109375 0.3671875000000001
2 0.61875 0.2375000000000001 0.5546875 0.2375000000000001 0.5546875 0.30156250000000007 0.61875 0.30156250000000007
2 0.4515625 0.2812500000000001 0.3828125 0.2812500000000001 0.38281250000000006 0.39531250000000007 0.4515625 0.39531250000000007
2 0.50625 0.2609375000000001 0.446875 0.2609375000000001 0.446875 0.3921875000000001 0.50625 0.3921875000000001
2 0.5390625 0.23437500000000008 0.49375 0.23437500000000008 0.49375 0.34843750000000007 0.5390625 0.34843750000000007
2 0.4484375 0.2171875000000001 0.4015625 0.2171875000000001 0.4015625 0.2750000000000001 0.4484375 0.2750000000000001
2 0.49375 0.19062500000000004 0.453125 0.19062500000000004 0.453125 0.25468750000000007 0.49375 0.25468750000000007
2 0.575 0.17031250000000006 0.5234375 0.17031250000000003 0.5234375 0.2468750000000001 0.575 0.2468750000000001
2 0.609375 0.14218750000000008 0.5640625 0.14218750000000008 0.5640625 0.2093750000000001 0.609375 0.2093750000000001
2 0.665625 0.1828125000000001 0.603125 0.1828125000000001 0.603125 0.2656250000000001 0.665625 0.2656250000000001
2 0.528125 0.13437500000000005 0.4828125 0.13437500000000005 0.4828125 0.22031250000000008 0.528125 0.22031250000000008