2 0.35625000000000007 0.290625 0.16875000000000004 0.290625 0.16875000000000004 0.3953125 0.35625000000000007 0.3953125
2 0.496875 0.3078125000000001 0.3828125 0.3078125000000001 0.38281250000000006 0.4140625 0.496875 0.4140625
2 0.609375 0.27031250000000007 0.4734375 0.27031250000000007 0.4734375 0.3437500000000001 0.609375 0.3437500000000001
2 0.8484375 0.17343750000000008 0.6203125 0.17343750000000008 0.6203125 0.2750000000000001 0.8484375 0.2750000000000001
2 0.6984375 0.3234375000000001 0.6078125 0.3234375000000001 0.6078125 0.3734375000000001 0.6984375 0.3734375000000001
2 0.6234375 0.3578125000000001 0.490625 0.3578125000000001 0.490625 0.4375 0.6234375 0.4375
2 0.74375 0.3906250000000001 0.6125 0.3906250000000001 0.6125 0.47343750000000007 0.74375 0.4734375000000002
2 0.875 0.3890625000000001 0.7609375 0.3890625000000001 0.7609375 0.47656250000000017 0.875 0.47656250000000017
2 0.8109375 0.3109375000000001 0.696875 0.3109375000000001 0.696875 0.39531250000000007 0.8109375 0.39531250000000007
2 0.3546875000000001 0.396875 0.19687500000000005 0.396875 0.19687500000000005 0.503125 0.3546875000000001 0.503125
2 0.496875 0.43125 0.37187500000000007 0.43125 0.37187500000000007 0.5109375 0.496875 0.5109375
2 0.6515625 0.453125 0.5171875 0.453125 0.5171875 0.54375 0.6515625 0.54375
2 0.503125 0.575 0.3750000000000001 0.575 0.3750000000000001 0.6671875 0.503125 0.6671875
2 0.3921875000000001 0.5109375 0.2578125000000001 0.5109375 0.2578125000000001 0.60625 0.3921875000000001 0.60625
2 0.3546875000000001 0.6 0.21093750000000008 0.6 0.21093750000000008 0.703125 0.3546875000000001 0.703125
2 0.628125 0.54375 0.4984375 0.54375 0.4984375 0.6359375 0.628125 0.6359375
2 0.4609375000000001 0.6796875 0.3140625000000001 0.6796875 0.3140625000000001 0.7609375 0.46093750000000017 0.7609375
2 0.3296875000000001 0.6984375 0.1593750000000001 0.6984375 0.1593750000000001 0.790625 0.3296875000000001 0.790625
2 0.2953125000000001 0.778125 0.16562500000000008 0.778125 0.16562500000000008 0.8796875 0.2953125000000001 0.8796875
2 0.4265625000000002 0.7671875 0.28593750000000007 0.7671875 0.28593750000000007 0.853125 0.4265625000000002 0.853125
2 0.4671875000000002 0.8546875 0.3187500000000001 0.8546875 0.3187500000000001 0.9390625 0.4671875000000002 0.9390625
2 0.3421875000000001 0.853125 0.20312500000000008 0.853125 0.20312500000000008 0.959375 0.3421875000000001 0.959375
2 0.1828125000000001 0.78125 0.08906250000000009 0.78125 0.0890625000000001 0.8640625 0.1828125000000001 0.8640625