2 0.2234375000000001 0.55625 0.09531250000000006 0.55625 0.09531250000000008 0.715625 0.2234375000000001 0.715625
2 0.19062500000000007 0.41875 0.09531250000000005 0.41875 0.09531250000000005 0.5453125 0.1906250000000001 0.5453125
2 0.3578125000000001 0.4984375 0.2687500000000001 0.4984375 0.2687500000000001 0.634375 0.3578125000000001 0.634375
2 0.4296875000000001 0.55625 0.3390625000000001 0.55625 0.3390625000000001 0.7265625 0.42968750000000017 0.7265625
2 0.2953125000000001 0.61875 0.1937500000000001 0.61875 0.1937500000000001 0.796875 0.2953125000000001 0.796875
2 0.4843750000000001 0.675 0.3750000000000001 0.675 0.3750000000000001 0.878125 0.48437500000000017 0.878125
2 0.5703125000000001 0.628125 0.4546875 0.628125 0.4546875000000001 0.825 0.5703125000000002 0.825
2 0.5671875 0.5078125 0.4578125 0.5078125 0.4578125 0.65625 0.5671875 0.65625
2 0.5265625 0.34062500000000007 0.40625 0.34062500000000007 0.40625 0.4671875 0.5265625 0.4671875
2 0.4015625 0.24531250000000004 0.3125 0.2453125 0.31250000000000006 0.384375 0.4015625 0.3843750000000001
2 0.4484375 0.4046875 0.34843750000000007 0.4046875 0.34843750000000007 0.5375 0.4484375 0.5375
2 0.31562500000000004 0.3078125 0.19843750000000004 0.3078125 0.19843750000000004 0.3984375 0.3156250000000001 0.3984375
2 0.2734375000000001 0.40625 0.18281250000000004 0.40625 0.18281250000000004 0.5125 0.2734375000000001 0.5125
2 0.6546875 0.565625 0.5625 0.565625 0.5625 0.7203125 0.6546875 0.7203125
2 0.6578125000000001 0.7234375 0.5765625 0.7234375 0.5765625000000001 0.84375 0.6578125000000001 0.84375
2 0.50625 0.17343750000000005 0.3828125 0.17343750000000005 0.3828125 0.3078125000000001 0.50625 0.3078125000000001
2 0.521875 0.09843750000000005 0.425 0.09843750000000004 0.425 0.2093750000000001 0.521875 0.2093750000000001
2 0.6 0.14375000000000007 0.5140625 0.14375000000000004 0.5140625 0.2593750000000001 0.6 0.2593750000000001
2 0.6296875 0.2156250000000001 0.5125 0.2156250000000001 0.5125 0.3687500000000001 0.6296875 0.3687500000000001
2 0.709375 0.3656250000000001 0.5578125 0.3656250000000001 0.5578125 0.5015625 0.709375 0.5015625
2 0.5765625 0.4078125 0.4546875 0.4078125 0.4546875 0.5375 0.5765625 0.5375
2 0.7703125 0.48125000000000007 0.6546875 0.48125 0.6546875 0.6484375000000001 0.7703125 0.6484375000000002
2 0.7484375000000001 0.6453125000000001 0.65625 0.6453125 0.6562500000000001 0.7828125000000001 0.7484375000000002 0.7828125000000001
2 0.7359375000000001 0.7796875000000001 0.6437500000000002 0.7796875 0.6437500000000002 0.896875 0.7359375000000001 0.896875
2 0.815625 0.6609375000000002 0.7296875 0.6609375000000002 0.7296875 0.8140625 0.815625 0.8140625
2 0.934375 0.6421875000000001 0.8265625 0.6421875000000001 0.8265625 0.7968750000000002 0.934375 0.7968750000000002
2 0.8609375 0.5265625000000002 0.7625 0.5265625000000002 0.7625 0.6765625000000002 0.8609375 0.6765625000000002
2 0.78125 0.3890625000000001 0.690625 0.3890625000000001 0.690625 0.5171875000000001 0.78125 0.5171875000000001
2 0.871875 0.3890625000000001 0.7796875 0.3890625000000001 0.7796875 0.5218750000000002 0.871875 0.5218750000000002
2 0.94375 0.5203125000000002 0.8703125 0.5203125000000002 0.8703125 0.6312500000000002 0.94375 0.6312500000000002