2 0.36406250000000007 0.74375 0.2890625000000001 0.74375 0.2890625000000001 0.865625 0.36406250000000007 0.865625
2 0.4328125000000001 0.7 0.3656250000000001 0.7 0.3656250000000001 0.83125 0.43281250000000016 0.83125
2 0.3531250000000001 0.6421875 0.2671875000000001 0.6421875 0.2671875000000001 0.7625 0.3531250000000001 0.7625
2 0.415625 0.59375 0.3453125000000001 0.59375 0.3453125000000001 0.7015625 0.415625 0.7015625
2 0.4828125000000001 0.64375 0.4109375 0.64375 0.41093750000000007 0.753125 0.4828125000000002 0.753125
2 0.5046875 0.46875 0.409375 0.46875 0.409375 0.5875 0.5046875 0.5875
2 0.4046875 0.5421875 0.31718750000000007 0.5421875 0.31718750000000007 0.60625 0.4046875 0.60625
2 0.3390625000000001 0.5109375 0.2671875000000001 0.5109375 0.2671875000000001 0.58125 0.3390625000000001 0.58125
2 0.27812500000000007 0.5140625 0.19843750000000004 0.5140625 0.19843750000000007 0.6109375 0.27812500000000007 0.6109375
2 0.35781250000000003 0.359375 0.284375 0.359375 0.28437500000000004 0.50625 0.3578125000000001 0.50625
2 0.2921875000000001 0.4078125 0.2171875000000001 0.4078125 0.2171875000000001 0.5015625 0.2921875000000001 0.5015625
2 0.2515625000000001 0.40625 0.17500000000000004 0.40625 0.17500000000000004 0.515625 0.2515625000000001 0.515625
2 0.434375 0.4359375 0.3734375000000001 0.4359375 0.3734375000000001 0.5359375 0.434375 0.5359375
2 0.4828125 0.3156250000000001 0.4078125 0.3156250000000001 0.4078125 0.409375 0.4828125 0.409375
2 0.3671875 0.259375 0.3015625 0.259375 0.3015625 0.35156250000000006 0.3671875 0.3515625000000001
2 0.2984375 0.2515625 0.2265625 0.2515625 0.2265625 0.3609375 0.2984375 0.3609375
2 0.24375000000000005 0.2671875 0.17812500000000003 0.2671875 0.17812500000000003 0.378125 0.24375000000000008 0.378125
2 0.3890625 0.17031250000000003 0.3171875 0.17031250000000003 0.3171875 0.27812500000000007 0.3890625 0.27812500000000007
2 0.4390625 0.16718750000000004 0.3828125 0.16718750000000004 0.3828125 0.28593750000000007 0.4390625 0.28593750000000007
2 0.5375 0.14062500000000006 0.4734375 0.14062500000000006 0.4734375 0.22031250000000008 0.5375 0.22031250000000008
2 0.6640625 0.1437500000000001 0.5859375 0.1437500000000001 0.5859375 0.2296875000000001 0.6640625 0.2296875000000001
2 0.66875 0.2234375000000001 0.59375 0.2234375000000001 0.59375 0.3234375000000001 0.66875 0.3234375000000001
2 0.578125 0.19687500000000008 0.50625 0.19687500000000005 0.50625 0.3109375000000001 0.578125 0.3109375000000001
2 0.5140625 0.22656250000000008 0.4578125 0.22656250000000008 0.4578125 0.3125000000000001 0.5140625 0.3125000000000001
2 0.6171875 0.30156250000000007 0.540625 0.30156250000000007 0.540625 0.40625 0.6171875 0.40625
2 0.728125 0.2812500000000001 0.640625 0.2812500000000001 0.640625 0.38750000000000007 0.728125 0.38750000000000007
2 0.565625 0.3734375000000001 0.4796875 0.3734375000000001 0.4796875 0.4734375 0.565625 0.4734375
2 0.6015625 0.409375 0.540625 0.409375 0.540625 0.5140625 0.6015625 0.5140625
2 0.66875 0.4515625 0.596875 0.4515625 0.596875 0.54375 0.66875 0.54375
2 0.734375 0.41875000000000007 0.6515625 0.41875 0.6515625 0.5046875000000001 0.734375 0.5046875000000002
2 0.7578125 0.5093750000000001 0.7015625 0.509375 0.7015625 0.5984375000000001 0.7578125 0.5984375000000002
2 0.7078125 0.5296875 0.625 0.5296875 0.625 0.646875 0.7078125 0.646875
2 0.6015625 0.5171875 0.521875 0.5171875 0.521875 0.621875 0.6015625 0.621875
2 0.6515625 0.6203125 0.578125 0.6203125 0.5781250000000001 0.7296875 0.6515625000000002 0.7296875
2 0.6000000000000001 0.63125 0.5 0.63125 0.5000000000000001 0.7640625 0.6000000000000002 0.7640625